V_pop,1,-0.647912,-0.435907,-0.0992874,-0.0121518,0.0317767,0.00238409
beta_V_tAPGAR_High,-0.647912,1,0.282449,0.00797906,0.0131849,0.0204614,-0.0137715
beta_V_tAPGAR_Low,-0.435907,0.282449,1,0.032804,0.0162185,-0.0377099,0.0183612
k_pop,-0.0992874,0.00797906,0.032804,1,0.0223266,-0.439182,0.0875303
omega_V,-0.0121518,0.0131849,0.0162185,0.0223266,1,-0.075066,-0.0142108
omega_k,0.0317767,0.0204614,-0.0377099,-0.439182,-0.075066,1,-0.167853
b,0.00238409,-0.0137715,0.0183612,0.0875303,-0.0142108,-0.167853,1
