V_pop,0.0056467,-0.00560103,-0.00562705,-0.000379087,-3.56709e-05,0.000164807,1.51502e-06
beta_V_tAPGAR_High,-0.00560103,0.0132346,0.00558194,4.66395e-05,5.92522e-05,0.000162465,-1.33978e-05
beta_V_tAPGAR_Low,-0.00562705,0.00558194,0.0295107,0.000286328,0.000108837,-0.00044711,2.66741e-05
k_pop,-0.000379087,4.66395e-05,0.000286328,0.00258163,4.43143e-05,-0.00154014,3.76102e-05
omega_V,-3.56709e-05,5.92522e-05,0.000108837,4.43143e-05,0.00152598,-0.000202389,-4.69453e-06
omega_k,0.000164807,0.000162465,-0.00044711,-0.00154014,-0.000202389,0.00476364,-9.79711e-05
b,1.51502e-06,-1.33978e-05,2.66741e-05,3.76102e-05,-4.69453e-06,-9.79711e-05,7.15152e-05
