ka_pop,1,0.12895,-0.040703,0,0,0,0,0
V_pop,0.12895,1,-0.09864,0,0,0,0,0
Cl_pop,-0.040703,-0.09864,1,0,0,0,0,0
omega_ka,0,0,0,1,-0.01342,0.00032623,-0.0066416,-0.003925
omega_V,0,0,0,-0.01342,1,-0.0053757,-0.013942,-0.034355
omega_Cl,0,0,0,0.00032623,-0.0053757,1,-0.052881,0.035396
a,0,0,0,-0.0066416,-0.013942,-0.052881,1,-0.90107
b,0,0,0,-0.003925,-0.034355,0.035396,-0.90107,1
