ka_pop,0.09785,0.00082606,-4.2833e-5,0,0,0,0,0
V_pop,0.00082606,0.00041937,-6.7957e-6,0,0,0,0,0
Cl_pop,-4.2833e-5,-6.7957e-6,1.1318e-5,0,0,0,0,0
omega_ka,0,0,0,0.022259,-7.6443e-5,3.062e-6,-0.0001227,-1.3886e-5
omega_V,0,0,0,-7.6443e-5,0.0014578,-1.2912e-5,-6.5914e-5,-3.1105e-5
omega_Cl,0,0,0,3.062e-6,-1.2912e-5,0.0039578,-0.00041194,5.2805e-5
a,0,0,0,-0.0001227,-6.5914e-5,-0.00041194,0.015333,-0.0026458
b,0,0,0,-1.3886e-5,-3.1105e-5,5.2805e-5,-0.0026458,0.00056232
